2 0.15716253946456285 0.2682136226601594 0.2475049900199594 0.1530882263837652
8 0.6200931470392548 0.5898203592814373 0.23419827012641398 0.13772455089820354
5 0.36171868994326123 0.4226840165642529 0.2724485797309837 0.1204048950365409
1 0.8101852366391714 0.3862571701385405 0.07754892159566872 0.15768216239271934
6 0.9258150365934796 0.22754491017964074 0.14836992681304068 0.13572854291417166
9 0.7234573513557582 0.5259868915192648 0.2102461743180302 0.21903135715892383
7 0.6786427145708583 0.7694610778443115 0.27677977378576185 0.12175648702594813
3 0.3079635481656282 0.5999848494360116 0.38216307898781177 0.17527431704042568
4 0.7072458880171326 0.21391888496649764 0.20226214238190285 0.2395209580838326
2 0.4256285694166471 0.3420423505941859 0.23698729680855282 0.0698602794411179
